Starting: brickrun --directory="/home/robot/Caricare" "/home/robot/Caricare/guadagna_centro.py"
----------
### SETUP ###
motor_max_degs:  127.5
motor_max_pwrperc:  63.75
mtr_side_black_pwrperc:  -63.75
mtr_side_white_pwrperc:  63.75
loop_detected_reset_soglia:  3
loop_detected_soglia:  50
lost_soglia:  140
gomito_soglia:  20
scan_forward_def:  35.0
### #### ###
OPERAZIONE DI CONNESSIONE AL SERVER AVVIATA, COMMENTARE SE NON SERVE
establishing connection...
connected!
0  66.90000000000001
1  77.20000000000001
6  60.8
11  66.40000000000001
17  66.5
22  40.2
28  31.7
33  31.7
38  31.3
42  32.3
48  130.4
53  125.5
58  122.5
64  122.5
69  122.5
75  122.3
81  122.3
87  121.9
93  121.9
98  121.9
103  121.9
108  121.9
113  122.3
118  122.3
125  122.3
131  121.9
137  122.5
142  121.8
147  122.5
153  122.3
158  122.3
163  122.3
167  121.9
172  122.3
178  122.3
182  122.3
186  122.3
191  122.3
196  121.9
202  122.3
208  121.9
212  278.5
218  278.5
224  278.9
230  278.9
234  278.5
239  278.9
243  278.9
249  278.5
255  278.5
259  278.5
264  37.6
270  38.8
275  37.3
280  38.9
285  38.6
290  38.6
295  38.6
303  39.3
308  39.70000000000001
314  39.3
320  40.5
326  39.70000000000001
332  81.7
338  80.8
342  81.40000000000001
349  81.40000000000001
353  80.6
358  80.10000000000002
363  79.70000000000001
370  80.6
376  80.10000000000002
380  80.10000000000002
385  80.7
390  83.2
394  82.00000000000001
399  82.3
404  80.7
409  79.60000000000001
414  79.70000000000001
418  79.20000000000001
424  79.70000000000001
428  80.1
433  78.50000000000001
438  79.6
443  79.8
448  79.8
455  79.40000000000001
460  79.4
466  79.4
473  79.20000000000001
478  79.20000000000001
483  79.8
488  79.8
492  79.6
496  79.8
502  79.8
507  80.20000000000001
512  79.8
516  79.6
521  79.6
527  80.20000000000001
20.3 - 32.6
Entrato nel primo if
20.3 - 42.9
20.3 - 26.5
20.3 - 32.1
20.4 - 32.1
20.4 - 5.8
11.8 - 5.9
11.8 - 5.9
11.4 - 5.9
10.9 - 7.4
10.1 - 106.3
10.1 - 101.4
Entrato nel secondo if
10.1 - 98.40000000000002
Sx: 98.40000000000002 Dx: 98.40000000000002
Ultimo avanzameto
44.15000000000001
Program ended by stop button
----------
Completed successfully.
